# Run with Gamma -> X -> K -> Gamma
0001-mat-14 8 70.0 4.488069120534624e-05 2.100918284806131e-06
0002-mat-43 8 30.0 5.16092163009771e-05 8.960955696566285e-06
0004-mat-50 8 34.0 5.4015754824379074e-06 1.5217779962373081e-06
0005-mat-92 8 62.0 1.792585320304284e-05 2.306858883019063e-06
0006-mat-119 8 66.0 2.783376142689181e-07 4.069348168066529e-09
0008-mat-137 8 50.0 0.018010129282083114 0.0017648089373498836

0001-mat-14 8 70.0 3.718339533901828e-05 9.185329226377149e-06
0002-mat-43 8 30.0 0.00019902949598065984 7.74180995095956e-06
0004-mat-50 8 34.0 0.0005067602891459743 8.308028754254931e-05
0005-mat-92 8 62.0 2.1613412739290263e-05 6.820341595213614e-06
0006-mat-119 8 66.0 2.5187920503482386e-06 1.3759588911869222e-07
0008-mat-137 8 50.0 0.0058259634000108786 0.0003954790094987513
0009-mat-178 8 52.0 0.0003927040991618439 9.45206386427275e-05
0011-mat-292 8 40.0 0.08946387240909846 0.09515049925356021
